 OLS Regression Results                            
==============================================================================
Dep. Variable:        ENTRIESn_hourly   R-squared:                       0.526
Model:                            OLS   Adj. R-squared:                  0.501
Method:                 Least Squares   F-statistic:                     21.54
Date:                Sat, 31 Jan 2015   Prob (F-statistic):               0.00
Time:                        21:29:25   Log-Likelihood:                -87735.
No. Observations:               10000   AIC:                         1.764e+05
Df Residuals:                    9510   BIC:                         1.800e+05
Df Model:                         489                                         
Covariance Type:            nonrobust                                         
==============================================================================
                 coef    std err          t      P>|t|      [95.0% Conf. Int.]
------------------------------------------------------------------------------
rain          73.9803     34.803      2.126      0.034         5.759   142.201
mintempi     -12.3611      2.598     -4.758      0.000       -17.453    -7.269
unit_R001   4423.4383    402.063     11.002      0.000      3635.310  5211.567
unit_R002   -825.4592    463.779     -1.780      0.075     -1734.565    83.647
unit_R003  -1599.9618    484.158     -3.305      0.001     -2549.015  -650.909
unit_R004  -1388.4015    484.223     -2.867      0.004     -2337.582  -439.221
unit_R005  -1100.9475    445.615     -2.471      0.014     -1974.448  -227.447
unit_R006  -1339.4652    567.041     -2.362      0.018     -2450.987  -227.943
unit_R007  -1460.4204    401.898     -3.634      0.000     -2248.226  -672.614
unit_R008  -1539.9727    429.849     -3.583      0.000     -2382.569  -697.377
unit_R009  -1388.1490    368.974     -3.762      0.000     -2111.417  -664.881
unit_R010   5498.6927    486.666     11.299      0.000      4544.724  6452.662
unit_R011   8370.8718    535.028     15.646      0.000      7322.103  9419.641
unit_R012   8976.0986    484.073     18.543      0.000      8027.212  9924.985
unit_R013    614.7646    445.436      1.380      0.168      -258.385  1487.914
unit_R014   2681.5569    429.654      6.241      0.000      1839.343  3523.770
unit_R015   -416.1700    570.438     -0.730      0.466     -1534.350   702.010
unit_R016   -690.6334    445.448     -1.550      0.121     -1563.807   182.541
unit_R017   1998.4546    378.952      5.274      0.000      1255.627  2741.282
unit_R018   3384.2407    389.381      8.691      0.000      2620.970  4147.511
unit_R019   2187.4093    534.418      4.093      0.000      1139.836  3234.982
unit_R020   2033.8889    429.441      4.736      0.000      1192.092  2875.685
unit_R021   2678.6010    369.064      7.258      0.000      1955.156  3402.046
unit_R022   6575.4273    445.143     14.771      0.000      5702.852  7448.003
unit_R023   5929.8994    343.320     17.272      0.000      5256.919  6602.880
unit_R024    726.4993    534.347      1.360      0.174      -320.935  1773.933
unit_R025   2007.4555    445.992      4.501      0.000      1133.215  2881.696
unit_R027    717.7538    507.286      1.415      0.157      -276.636  1712.143
unit_R028   1872.9623    373.362      5.016      0.000      1141.092  2604.832
unit_R029   3984.9383    359.757     11.077      0.000      3279.739  4690.138
unit_R030    439.3636    368.470      1.192      0.233      -282.915  1161.642
unit_R031   2356.7317    429.559      5.486      0.000      1514.704  3198.759
unit_R032   2310.7411    415.107      5.567      0.000      1497.042  3124.440
unit_R033   3936.0653    567.279      6.939      0.000      2824.077  5048.053
unit_R034   -595.5446    390.186     -1.526      0.127     -1360.393   169.304
unit_R035   1800.5600    507.609      3.547      0.000       805.539  2795.581
unit_R036  -1016.7866    401.712     -2.531      0.011     -1804.227  -229.346
unit_R037  -1059.0685    654.709     -1.618      0.106     -2342.439   224.302
unit_R038  -1626.1732    463.506     -3.508      0.000     -2534.744  -717.602
unit_R039  -1323.3913    507.678     -2.607      0.009     -2318.549  -328.234
unit_R040   -366.4719    445.444     -0.823      0.411     -1239.637   506.693
unit_R041   1191.6942    378.826      3.146      0.002       449.115  1934.274
unit_R042   -836.2938    507.424     -1.648      0.099     -1830.954   158.366
unit_R043   -669.2846    214.625     -3.118      0.002     -1089.994  -248.575
unit_R044   2207.6765    401.538      5.498      0.000      1420.577  2994.776
unit_R045    914.3474    567.301      1.612      0.107      -197.684  2026.379
unit_R046   7543.3610    428.624     17.599      0.000      6703.166  8383.556
unit_R047   3884.3631    390.180      9.955      0.000      3119.527  4649.199
unit_R048    840.6242    801.180      1.049      0.294      -729.859  2411.107
unit_R049   1039.7963    484.131      2.148      0.032        90.796  1988.796
unit_R050   1275.4539    463.521      2.752      0.006       366.854  2184.053
unit_R051   2985.6948    379.237      7.873      0.000      2242.309  3729.081
unit_R052   -317.3073    429.551     -0.739      0.460     -1159.320   524.705
unit_R053   1708.0177    379.597      4.500      0.000       963.926  2452.109
unit_R054   -805.6136    335.800     -2.399      0.016     -1463.852  -147.375
unit_R055   6151.5267    567.122     10.847      0.000      5039.846  7263.207
unit_R056    218.5644    567.392      0.385      0.700      -893.646  1330.775
unit_R057   2948.6114    401.807      7.338      0.000      2160.985  3736.238
unit_R058   -926.2376    402.173     -2.303      0.021     -1714.582  -137.893
unit_R059   -406.5556    369.126     -1.101      0.271     -1130.122   317.011
unit_R060  -1177.5906    507.534     -2.320      0.020     -2172.465  -182.716
unit_R061   -993.6382    415.195     -2.393      0.017     -1807.508  -179.768
unit_R062   1636.6339    654.888      2.499      0.012       352.913  2920.355
unit_R063   -738.3124    414.968     -1.779      0.075     -1551.739    75.114
unit_R064   -799.5557    567.172     -1.410      0.159     -1911.333   312.222
unit_R065  -1086.4277    429.562     -2.529      0.011     -1928.461  -244.395
unit_R066  -1384.0903    401.914     -3.444      0.001     -2171.928  -596.253
unit_R067   -498.7223    535.241     -0.932      0.351     -1547.909   550.465
unit_R068  -1110.5257    379.214     -2.928      0.003     -1853.866  -367.185
unit_R069   -719.5066    402.033     -1.790      0.074     -1507.577    68.564
unit_R070   -543.0115    463.546     -1.171      0.241     -1451.661   365.638
unit_R079   1370.0789    354.552      3.864      0.000       675.082  2065.076
unit_R080   3144.0770    389.886      8.064      0.000      2379.818  3908.336
unit_R081    623.7203    605.989      1.029      0.303      -564.147  1811.587
unit_R082    -92.5447    445.403     -0.208      0.835      -965.630   780.541
unit_R083   1687.4357    328.858      5.131      0.000      1042.805  2332.067
unit_R084   5171.1578    368.638     14.028      0.000      4448.549  5893.767
unit_R085    484.4473    359.440      1.348      0.178      -220.131  1189.026
unit_R086    505.4454    429.377      1.177      0.239      -336.226  1347.117
unit_R087   -930.1393    445.874     -2.086      0.037     -1804.147   -56.131
unit_R088   -834.2863    606.230     -1.376      0.169     -2022.627   354.054
unit_R089  -1119.6450    414.912     -2.699      0.007     -1932.960  -306.330
unit_R090  -1151.3144    463.607     -2.483      0.013     -2060.082  -242.546
unit_R091   -290.8288    390.014     -0.746      0.456     -1055.340   473.682
unit_R092    133.0596    429.288      0.310      0.757      -708.437   974.556
unit_R093     72.6039    507.843      0.143      0.886      -922.876  1068.084
unit_R094     80.8021    379.056      0.213      0.831      -662.228   823.833
unit_R095    518.3680    414.809      1.250      0.211      -294.747  1331.483
unit_R096     87.2605    429.632      0.203      0.839      -754.911   929.432
unit_R097   1016.3423    605.943      1.677      0.094      -171.435  2204.119
unit_R098    944.3332    378.856      2.493      0.013       201.695  1686.972
unit_R099    240.3204    401.855      0.598      0.550      -547.402  1028.043
unit_R100  -1400.4433    429.765     -3.259      0.001     -2242.874  -558.012
unit_R101   1643.5454    717.032      2.292      0.022       238.010  3049.081
unit_R102   2685.4231    401.765      6.684      0.000      1897.878  3472.969
unit_R103   -417.0063    414.807     -1.005      0.315     -1230.117   396.105
unit_R104    291.2543    535.159      0.544      0.586      -757.771  1340.280
unit_R105   1982.6527    390.122      5.082      0.000      1217.931  2747.374
unit_R106   -637.6048    429.347     -1.485      0.138     -1479.217   204.007
unit_R107  -1014.1817    414.990     -2.444      0.015     -1827.651  -200.713
unit_R108   3910.2315    463.446      8.437      0.000      3001.778  4818.685
unit_R109    125.5167    402.152      0.312      0.755      -662.788   913.821
unit_R110   1596.3564    606.550      2.632      0.009       407.389  2785.324
unit_R111   1115.7569    445.738      2.503      0.012       242.014  1989.499
unit_R112     18.9896    429.404      0.044      0.965      -822.734   860.713
unit_R113   1993.5500    463.983      4.297      0.000      1084.045  2903.055
unit_R114   -767.6427    402.206     -1.909      0.056     -1556.052    20.767
unit_R115   -543.7554    379.056     -1.434      0.151     -1286.786   199.275
unit_R116    246.6159    429.150      0.575      0.566      -594.609  1087.841
unit_R117   -642.6540    463.687     -1.386      0.166     -1551.580   266.272
unit_R118    394.4804    535.247      0.737      0.461      -654.718  1443.679
unit_R119     95.4465    414.756      0.230      0.818      -717.564   908.457
unit_R120   -282.1816    445.226     -0.634      0.526     -1154.920   590.557
unit_R121   -152.8350    567.225     -0.269      0.788     -1264.717   959.047
unit_R122    315.8656    414.831      0.761      0.446      -497.292  1129.023
unit_R123    556.2014    401.903      1.384      0.166      -231.614  1344.017
unit_R124  -1207.8448    483.957     -2.496      0.013     -2156.504  -259.185
unit_R125   -658.4024    445.757     -1.477      0.140     -1532.182   215.377
unit_R126     39.6445    463.255      0.086      0.932      -868.433   947.722
unit_R127   2449.8204    368.818      6.642      0.000      1726.859  3172.782
unit_R128   -727.1940    446.032     -1.630      0.103     -1601.511   147.123
unit_R129    115.6753    429.949      0.269      0.788      -727.116   958.467
unit_R130   -674.8196    429.698     -1.570      0.116     -1517.120   167.481
unit_R131   1487.8353    445.329      3.341      0.001       614.896  2360.775
unit_R132   2643.5838    567.018      4.662      0.000      1532.108  3755.059
unit_R133    -16.1313    379.451     -0.043      0.966      -759.937   727.675
unit_R134   -990.6768    463.764     -2.136      0.033     -1899.754   -81.600
unit_R135     31.2882    402.228      0.078      0.938      -757.164   819.740
unit_R136    -56.8345    415.333     -0.137      0.891      -870.975   757.306
unit_R137    555.3597    402.099      1.381      0.167      -232.839  1343.559
unit_R138   4068.2867    429.721      9.467      0.000      3225.941  4910.633
unit_R139    -73.6646    566.958     -0.130      0.897     -1185.024  1037.695
unit_R140     76.9849    463.788      0.166      0.868      -832.139   986.109
unit_R141   3028.0058    369.365      8.198      0.000      2303.972  3752.039
unit_R142   1986.8685    415.398      4.783      0.000      1172.600  2801.137
unit_R143    916.9619    360.446      2.544      0.011       210.410  1623.514
unit_R144   2247.9206    606.467      3.707      0.000      1059.117  3436.725
unit_R145   -834.9362    369.501     -2.260      0.024     -1559.237  -110.635
unit_R146     73.5679    567.314      0.130      0.897     -1038.489  1185.625
unit_R147   1213.7019    415.245      2.923      0.003       399.733  2027.671
unit_R148   -693.3908    415.803     -1.668      0.095     -1508.453   121.671
unit_R149    -86.9392    567.470     -0.153      0.878     -1199.301  1025.422
unit_R150   -356.0005    463.931     -0.767      0.443     -1265.405   553.404
unit_R151    477.2541    484.366      0.985      0.324      -472.207  1426.716
unit_R152    202.0973    351.741      0.575      0.566      -487.390   891.584
unit_R153    824.6921    445.826      1.850      0.064       -49.222  1698.606
unit_R154   -368.5196    484.438     -0.761      0.447     -1318.122   581.083
unit_R155   -135.5553    379.552     -0.357      0.721      -879.559   608.449
unit_R156   -152.1353    463.640     -0.328      0.743     -1060.969   756.698
unit_R157    -71.4479    390.389     -0.183      0.855      -836.694   693.798
unit_R158   2915.4301    537.273      5.426      0.000      1862.261  3968.600
unit_R159   -740.1638    535.233     -1.383      0.167     -1789.336   309.008
unit_R160   1343.4607    379.409      3.541      0.000       599.738  2087.183
unit_R161     85.1511    390.596      0.218      0.827      -680.500   850.802
unit_R163   2406.5993    369.229      6.518      0.000      1682.831  3130.367
unit_R164   1479.0824    379.157      3.901      0.000       735.854  2222.311
unit_R165  -1137.6048    373.141     -3.049      0.002     -1869.041  -406.168
unit_R166   1289.9410    415.238      3.107      0.002       475.985  2103.897
unit_R167   1645.8306    390.264      4.217      0.000       880.829  2410.832
unit_R168   4490.7173    484.157      9.275      0.000      3541.666  5439.769
unit_R169    434.3372    430.165      1.010      0.313      -408.878  1277.552
unit_R170   9075.0167    351.300     25.833      0.000      8386.393  9763.640
unit_R171   -265.2467    429.602     -0.617      0.537     -1107.359   576.865
unit_R172   -511.9870    507.680     -1.008      0.313     -1507.149   483.175
unit_R173   -340.7349    402.032     -0.848      0.397     -1128.804   447.334
unit_R174    261.9025    463.740      0.565      0.572      -647.126  1170.931
unit_R175   4341.5778    445.817      9.738      0.000      3467.681  5215.475
unit_R176   2063.3433    463.844      4.448      0.000      1154.110  2972.577
unit_R177   3397.5619    445.904      7.619      0.000      2523.495  4271.629
unit_R178   5343.6035    415.332     12.866      0.000      4529.463  6157.744
unit_R179   6567.4995    414.724     15.836      0.000      5754.552  7380.447
unit_R180   1388.4841    446.113      3.112      0.002       514.007  2262.961
unit_R181    140.9184    389.962      0.361      0.718      -623.489   905.326
unit_R182   1100.8927    463.972      2.373      0.018       191.409  2010.377
unit_R183  -1049.2194    463.547     -2.263      0.024     -1957.871  -140.568
unit_R184   -956.0815    429.479     -2.226      0.026     -1797.951  -114.212
unit_R185   -364.7310    429.851     -0.849      0.396     -1207.330   477.868
unit_R186   -475.6375    378.992     -1.255      0.210     -1218.543   267.268
unit_R187    147.0982    402.392      0.366      0.715      -641.677   935.873
unit_R188    561.3636    484.200      1.159      0.246      -387.772  1510.500
unit_R189   -109.0124    390.075     -0.279      0.780      -873.642   655.617
unit_R190    704.9775    390.484      1.805      0.071       -60.454  1470.409
unit_R191    546.1110    402.629      1.356      0.175      -243.128  1335.350
unit_R192    512.6094    415.549      1.234      0.217      -301.955  1327.174
unit_R193    256.5354    446.080      0.575      0.565      -617.876  1130.947
unit_R194   -399.5296    534.837     -0.747      0.455     -1447.924   648.864
unit_R195   3351.2418    351.298      9.540      0.000      2662.623  4039.861
unit_R196   -458.8668    414.737     -1.106      0.269     -1271.841   354.107
unit_R197    459.9238    484.485      0.949      0.342      -489.770  1409.618
unit_R198    686.5606    445.603      1.541      0.123      -186.917  1560.039
unit_R199  -1131.4742    389.979     -2.901      0.004     -1895.917  -367.031
unit_R200    -23.9895    401.888     -0.060      0.952      -811.776   763.797
unit_R201    963.3630    402.342      2.394      0.017       174.687  1752.039
unit_R202    786.7795    390.231      2.016      0.044        21.843  1551.716
unit_R203   -723.2966    484.544     -1.493      0.136     -1673.107   226.514
unit_R204     45.5515    359.829      0.127      0.899      -659.789   750.892
unit_R205    300.9198    389.683      0.772      0.440      -462.943  1064.782
unit_R206    390.9593    464.162      0.842      0.400      -518.898  1300.816
unit_R207    -50.4917    483.945     -0.104      0.917      -999.126   898.143
unit_R208   2256.0055    463.857      4.864      0.000      1346.746  3165.265
unit_R209   -839.4074    534.973     -1.569      0.117     -1888.068   209.254
unit_R210  -1007.4649    445.508     -2.261      0.024     -1880.755  -134.174
unit_R211    243.0335    429.331      0.566      0.571      -598.547  1084.614
unit_R212    291.0118    463.770      0.627      0.530      -618.076  1200.100
unit_R213   -193.8747    507.596     -0.382      0.703     -1188.872   801.122
unit_R214   -946.7777    390.391     -2.425      0.015     -1712.027  -181.529
unit_R215   -499.9738    359.733     -1.390      0.165     -1205.128   205.181
unit_R216   -803.9504    379.198     -2.120      0.034     -1547.259   -60.642
unit_R217      3.5697    429.560      0.008      0.993      -838.459   845.599
unit_R218   -277.7736    401.576     -0.692      0.489     -1064.947   509.400
unit_R219   -898.4639    445.339     -2.017      0.044     -1771.424   -25.504
unit_R220   -709.7403    483.951     -1.467      0.143     -1658.387   238.907
unit_R221   -525.6282    463.885     -1.133      0.257     -1434.942   383.686
unit_R222   1923.9155    430.421      4.470      0.000      1080.198  2767.633
unit_R223    613.5264    654.236      0.938      0.348      -668.916  1895.968
unit_R224   -899.7478    484.010     -1.859      0.063     -1848.510    49.015
unit_R225  -1208.6592    463.371     -2.608      0.009     -2116.966  -300.352
unit_R226   -943.6602    445.372     -2.119      0.034     -1816.683   -70.637
unit_R227   -587.5137    369.182     -1.591      0.112     -1311.190   136.163
unit_R228   -277.5485    390.083     -0.712      0.477     -1042.195   487.098
unit_R229  -1053.2033    445.743     -2.363      0.018     -1926.954  -179.453
unit_R230   -916.4581    445.464     -2.057      0.040     -1789.662   -43.254
unit_R231   -568.0974    484.066     -1.174      0.241     -1516.971   380.776
unit_R232   -722.2542    463.582     -1.558      0.119     -1630.973   186.465
unit_R233   -741.7741    507.149     -1.463      0.144     -1735.895   252.347
unit_R234  -1361.0364    463.816     -2.934      0.003     -2270.215  -451.858
unit_R235   1822.6748    368.943      4.940      0.000      1099.467  2545.882
unit_R236   -201.6990    390.420     -0.517      0.605      -967.005   563.607
unit_R237   -961.9458    414.850     -2.319      0.020     -1775.140  -148.752
unit_R238    819.5301    445.665      1.839      0.066       -54.068  1693.128
unit_R239  -1039.4258    445.418     -2.334      0.020     -1912.539  -166.312
unit_R240   1630.0806    389.890      4.181      0.000       865.812  2394.349
unit_R241  -1320.1877    378.923     -3.484      0.000     -2062.957  -577.418
unit_R242   -720.6764    507.957     -1.419      0.156     -1716.381   275.028
unit_R243   -139.7943    414.921     -0.337      0.736      -953.128   673.539
unit_R244   -556.1566    378.935     -1.468      0.142     -1298.950   186.637
unit_R246  -1287.0724    484.376     -2.657      0.008     -2236.552  -337.592
unit_R247  -1199.2458    390.062     -3.074      0.002     -1963.851  -434.641
unit_R248   1952.1795    445.504      4.382      0.000      1078.896  2825.463
unit_R249   -450.5752    445.485     -1.011      0.312     -1323.821   422.671
unit_R250   -231.2777    507.850     -0.455      0.649     -1226.771   764.216
unit_R251   -561.3628    507.670     -1.106      0.269     -1556.504   433.779
unit_R252   -684.7243    534.985     -1.280      0.201     -1733.409   363.960
unit_R253  -1236.6810    445.431     -2.776      0.006     -2109.820  -363.542
unit_R254     -9.5854    389.638     -0.025      0.980      -773.358   754.187
unit_R255   -819.1133    507.626     -1.614      0.107     -1814.169   175.943
unit_R256   -640.1423    463.574     -1.381      0.167     -1548.846   268.561
unit_R257    -55.5129    322.095     -0.172      0.863      -686.888   575.862
unit_R258    269.0692    429.393      0.627      0.531      -572.632  1110.771
unit_R259   -644.9858    463.515     -1.392      0.164     -1553.574   263.603
unit_R260   -171.8584    401.766     -0.428      0.669      -959.406   615.689
unit_R261   -442.1576    445.063     -0.993      0.321     -1314.576   430.261
unit_R262  -1093.8688    535.068     -2.044      0.041     -2142.716   -45.021
unit_R263  -1598.2314    389.492     -4.103      0.000     -2361.718  -834.745
unit_R264  -1334.5425    429.482     -3.107      0.002     -2176.418  -492.667
unit_R265   -636.1014    606.066     -1.050      0.294     -1824.119   551.917
unit_R266   -492.2638    484.166     -1.017      0.309     -1441.332   456.804
unit_R267     21.1252    369.277      0.057      0.954      -702.737   744.987
unit_R268   1213.9935    429.805      2.825      0.005       371.485  2056.502
unit_R269   -751.2632    379.333     -1.980      0.048     -1494.836    -7.690
unit_R270   -928.9418    415.191     -2.237      0.025     -1742.804  -115.079
unit_R271  -1144.0911    484.110     -2.363      0.018     -2093.051  -195.132
unit_R272    193.3028    379.590      0.509      0.611      -550.774   937.380
unit_R273   -366.5805    534.864     -0.685      0.493     -1415.028   681.867
unit_R274  -1024.3562    415.220     -2.467      0.014     -1838.277  -210.436
unit_R275   -700.6341    445.017     -1.574      0.115     -1572.963   171.695
unit_R276   -266.8463    401.468     -0.665      0.506     -1053.810   520.118
unit_R277  -1126.4742    654.610     -1.721      0.085     -2409.650   156.702
unit_R278  -1182.3779    401.946     -2.942      0.003     -1970.278  -394.478
unit_R279  -1010.7165    369.008     -2.739      0.006     -1734.052  -287.381
unit_R280  -1032.5565    402.073     -2.568      0.010     -1820.705  -244.408
unit_R281   -215.5540    315.963     -0.682      0.495      -834.909   403.801
unit_R282   -397.3268    483.887     -0.821      0.412     -1345.849   551.196
unit_R283   -349.4877    484.646     -0.721      0.471     -1299.496   600.521
unit_R284   -741.6578    390.081     -1.901      0.057     -1506.300    22.985
unit_R285  -1223.6259    414.476     -2.952      0.003     -2036.087  -411.164
unit_R286   -799.3374    379.326     -2.107      0.035     -1542.897   -55.778
unit_R287  -1062.0789    567.414     -1.872      0.061     -2174.331    50.173
unit_R288    480.0871    402.359      1.193      0.233      -308.623  1268.797
unit_R289   -810.9704    446.053     -1.818      0.069     -1685.330    63.389
unit_R290    240.8093    369.473      0.652      0.515      -483.436   965.055
unit_R291   -489.5851    534.432     -0.916      0.360     -1537.186   558.016
unit_R292   -829.9834    390.441     -2.126      0.034     -1595.331   -64.635
unit_R293   6589.6705    432.431     15.239      0.000      5742.014  7437.327
unit_R294   -847.9173    390.236     -2.173      0.030     -1612.864   -82.971
unit_R295  -1351.8129    507.750     -2.662      0.008     -2347.110  -356.516
unit_R296   -800.1076    463.806     -1.725      0.085     -1709.266   109.051
unit_R297   -511.4721    360.235     -1.420      0.156     -1217.610   194.666
unit_R298   -415.8447    360.281     -1.154      0.248     -1122.072   290.382
unit_R299  -1140.2400    508.056     -2.244      0.025     -2136.139  -144.341
unit_R300    996.7003    359.853      2.770      0.006       291.313  1702.088
unit_R301   -417.4481    446.212     -0.936      0.350     -1292.120   457.224
unit_R302    751.1414    369.427      2.033      0.042        26.985  1475.298
unit_R303    154.1033    369.194      0.417      0.676      -569.596   877.803
unit_R304   -382.8862    390.121     -0.981      0.326     -1147.606   381.834
unit_R306  -1054.0469    402.282     -2.620      0.009     -1842.605  -265.488
unit_R307  -1044.2728    390.220     -2.676      0.007     -1809.187  -279.359
unit_R308   -740.5537    445.598     -1.662      0.097     -1614.021   132.913
unit_R309   -631.1971    534.782     -1.180      0.238     -1679.483   417.089
unit_R310    248.1781    463.493      0.535      0.592      -660.367  1156.723
unit_R311  -1010.4669    484.078     -2.087      0.037     -1959.363   -61.571
unit_R312  -1445.5773    429.564     -3.365      0.001     -2287.614  -603.540
unit_R313  -1126.4739    606.154     -1.858      0.063     -2314.666    61.718
unit_R314   -890.2954    430.034     -2.070      0.038     -1733.253   -47.337
unit_R315   -805.5595    445.911     -1.807      0.071     -1679.639    68.520
unit_R316  -1075.3139    445.590     -2.413      0.016     -1948.766  -201.862
unit_R317   -719.3966    402.199     -1.789      0.074     -1507.793    68.999
unit_R318  -1706.7097    535.227     -3.189      0.001     -2755.868  -657.551
unit_R319    658.8890    483.508      1.363      0.173      -288.890  1606.668
unit_R320   -587.7118    343.519     -1.711      0.087     -1261.082    85.659
unit_R321   -560.3933    445.646     -1.257      0.209     -1433.954   313.167
unit_R322    279.7818    369.240      0.758      0.449      -444.007  1003.570
unit_R323   -284.2721    428.925     -0.663      0.508     -1125.056   556.512
unit_R324    389.9540    369.605      1.055      0.291      -334.552  1114.460
unit_R325  -1299.5827    507.662     -2.560      0.010     -2294.708  -304.458
unit_R326   -920.6793    484.215     -1.901      0.057     -1869.844    28.485
unit_R327    -56.0650    463.905     -0.121      0.904      -965.418   853.288
unit_R328   -936.4766    445.877     -2.100      0.036     -1810.490   -62.463
unit_R329  -1108.4945    717.183     -1.546      0.122     -2514.326   297.337
unit_R330   -486.4173    402.044     -1.210      0.226     -1274.509   301.674
unit_R331  -1052.8139    445.958     -2.361      0.018     -1926.986  -178.642
unit_R332   -685.0825    463.879     -1.477      0.140     -1594.383   224.218
unit_R333   -412.6186    415.257     -0.994      0.320     -1226.611   401.374
unit_R334   -414.5602    402.429     -1.030      0.303     -1203.407   374.286
unit_R335  -1110.7643    484.428     -2.293      0.022     -2060.347  -161.181
unit_R336  -1533.4352    534.903     -2.867      0.004     -2581.958  -484.912
unit_R337  -1509.3757    484.009     -3.118      0.002     -2458.137  -560.614
unit_R338  -1528.5096    415.054     -3.683      0.000     -2342.104  -714.916
unit_R339   -949.4923    463.734     -2.047      0.041     -1858.511   -40.474
unit_R340   -726.8926    390.651     -1.861      0.063     -1492.651    38.866
unit_R341  -1007.1746    401.876     -2.506      0.012     -1794.938  -219.411
unit_R342   -681.3519    379.653     -1.795      0.073     -1425.552    62.848
unit_R343   -587.4455    415.371     -1.414      0.157     -1401.661   226.770
unit_R344  -1183.0804    507.730     -2.330      0.020     -2178.339  -187.822
unit_R345  -1392.8177    507.513     -2.744      0.006     -2387.651  -397.984
unit_R346   -598.4436    483.838     -1.237      0.216     -1546.869   349.981
unit_R347   -404.0196    390.492     -1.035      0.301     -1169.466   361.427
unit_R348  -1644.0847    414.909     -3.963      0.000     -2457.395  -830.774
unit_R349   -554.1557    430.200     -1.288      0.198     -1397.439   289.128
unit_R350   -984.2355    445.864     -2.207      0.027     -1858.223  -110.248
unit_R352   -860.3730    606.131     -1.419      0.156     -2048.519   327.773
unit_R353   -521.2317    484.585     -1.076      0.282     -1471.121   428.658
unit_R354  -1511.4853    484.079     -3.122      0.002     -2460.384  -562.586
unit_R355  -1046.8225    415.184     -2.521      0.012     -1860.672  -232.973
unit_R356  -1133.5109    507.417     -2.234      0.026     -2128.156  -138.866
unit_R357  -1336.5966    463.844     -2.882      0.004     -2245.831  -427.363
unit_R358  -1435.7486    507.588     -2.829      0.005     -2430.729  -440.768
unit_R359    952.5882    369.129      2.581      0.010       229.017  1676.159
unit_R360  -1310.2063    508.272     -2.578      0.010     -2306.528  -313.885
unit_R361   -251.6909    445.468     -0.565      0.572     -1124.903   621.522
unit_R362   -618.5357    484.266     -1.277      0.202     -1567.801   330.730
unit_R363   -683.3754    535.296     -1.277      0.202     -1732.670   365.919
unit_R364   -375.0190    654.795     -0.573      0.567     -1658.556   908.519
unit_R365   -843.4137    507.840     -1.661      0.097     -1838.888   152.060
unit_R366   -745.8621    464.240     -1.607      0.108     -1655.872   164.148
unit_R367   -853.4691    430.117     -1.984      0.047     -1696.590   -10.348
unit_R368  -1105.6321    567.891     -1.947      0.052     -2218.820     7.556
unit_R369   -735.7020    567.293     -1.297      0.195     -1847.717   376.313
unit_R370   -909.7075    483.884     -1.880      0.060     -1858.224    38.809
unit_R371   -783.3466    401.830     -1.949      0.051     -1571.018     4.325
unit_R372  -1073.3588    401.502     -2.673      0.008     -1860.388  -286.329
unit_R373   -647.1249    484.538     -1.336      0.182     -1596.922   302.672
unit_R374   -227.6910    534.935     -0.426      0.670     -1276.279   820.897
unit_R375   -829.0905    390.618     -2.123      0.034     -1594.785   -63.396
unit_R376   -848.7571    390.590     -2.173      0.030     -1614.396   -83.118
unit_R377   -137.5946    360.633     -0.382      0.703      -844.512   569.323
unit_R378     -4.2364    484.381     -0.009      0.993      -953.727   945.254
unit_R379   -861.4956    484.360     -1.779      0.075     -1810.944    87.953
unit_R380   -529.9147    484.379     -1.094      0.274     -1479.401   419.572
unit_R381   -462.4763    390.367     -1.185      0.236     -1227.680   302.727
unit_R382  -1096.4592    463.566     -2.365      0.018     -2005.148  -187.770
unit_R383   -847.2496    369.527     -2.293      0.022     -1571.602  -122.898
unit_R384  -1068.3445    390.526     -2.736      0.006     -1833.858  -302.831
unit_R385   -292.8917    445.848     -0.657      0.511     -1166.849   581.066
unit_R386   -796.6576    654.835     -1.217      0.224     -2080.274   486.959
unit_R387   -237.7871    445.714     -0.533      0.594     -1111.482   635.908
unit_R388   -303.6972    429.812     -0.707      0.480     -1146.221   538.827
unit_R389   -941.8499    415.326     -2.268      0.023     -1755.978  -127.722
unit_R390    366.4419    402.347      0.911      0.362      -422.243  1155.127
unit_R391   -323.0345    464.204     -0.696      0.487     -1232.973   586.904
unit_R392   -491.3609    402.291     -1.221      0.222     -1279.938   297.216
unit_R393   -697.7952    445.775     -1.565      0.118     -1571.610   176.019
unit_R394   -160.7458    445.624     -0.361      0.718     -1034.265   712.773
unit_R395   -587.3464    429.685     -1.367      0.172     -1429.620   254.927
unit_R396   -883.5132    430.057     -2.054      0.040     -1726.517   -40.509
unit_R397   -928.0784    402.268     -2.307      0.021     -1716.609  -139.548
unit_R398   -618.2800    463.993     -1.333      0.183     -1527.805   291.245
unit_R399   -920.5995    360.261     -2.555      0.011     -1626.789  -214.410
unit_R400   -928.0340    390.422     -2.377      0.017     -1693.345  -162.723
unit_R401  -1292.4518    484.655     -2.667      0.008     -2242.479  -342.424
unit_R402   -980.0917    445.979     -2.198      0.028     -1854.307  -105.877
unit_R403   -923.9529    360.169     -2.565      0.010     -1629.961  -217.945
unit_R404   -416.1072    390.446     -1.066      0.287     -1181.465   349.250
unit_R405   -770.5485    463.863     -1.661      0.097     -1679.818   138.721
unit_R406   -144.1576    402.356     -0.358      0.720      -932.861   644.546
unit_R407   -882.1194    390.759     -2.257      0.024     -1648.091  -116.148
unit_R408    167.4149    379.456      0.441      0.659      -576.401   911.230
unit_R409   -742.1697    484.341     -1.532      0.125     -1691.582   207.243
unit_R411  -1382.0508    606.645     -2.278      0.023     -2571.205  -192.897
unit_R412  -1051.3522    415.512     -2.530      0.011     -1865.844  -236.860
unit_R413   -864.7222    402.285     -2.150      0.032     -1653.286   -76.159
unit_R414   -896.6561    484.886     -1.849      0.064     -1847.136    53.824
unit_R415  -1465.9055    463.885     -3.160      0.002     -2375.219  -556.592
unit_R416  -1252.9596    567.321     -2.209      0.027     -2365.031  -140.889
unit_R417  -1268.0260    507.575     -2.498      0.012     -2262.981  -273.071
unit_R418  -1238.6431    415.281     -2.983      0.003     -2052.682  -424.604
unit_R419  -1356.3602    445.850     -3.042      0.002     -2230.322  -482.398
unit_R420   -545.8173    445.917     -1.224      0.221     -1419.909   328.274
unit_R421   -913.8247    379.639     -2.407      0.016     -1657.998  -169.651
unit_R422   -977.5420    402.294     -2.430      0.015     -1766.124  -188.960
unit_R423   -868.5894    379.639     -2.288      0.022     -1612.763  -124.415
unit_R424  -1203.6445    507.295     -2.373      0.018     -2198.052  -209.237
unit_R425   -950.4112    390.408     -2.434      0.015     -1715.694  -185.129
unit_R426  -1188.5212    445.808     -2.666      0.008     -2062.399  -314.643
unit_R427  -1106.1256    445.853     -2.481      0.013     -1980.092  -232.159
unit_R428  -1127.3565    484.598     -2.326      0.020     -2077.273  -177.440
unit_R429   -974.4475    401.715     -2.426      0.015     -1761.894  -187.001
unit_R430   -834.9796    430.100     -1.941      0.052     -1678.067     8.108
unit_R431   -915.1709    567.896     -1.612      0.107     -2028.369   198.027
unit_R432   -885.0639    507.956     -1.742      0.081     -1880.766   110.638
unit_R433  -1119.4753    508.023     -2.204      0.028     -2115.308  -123.642
unit_R434   -751.2467    567.585     -1.324      0.186     -1863.835   361.342
unit_R435   -954.3715    351.628     -2.714      0.007     -1643.637  -265.106
unit_R436   -980.4993    484.757     -2.023      0.043     -1930.726   -30.273
unit_R437   -823.7231    567.693     -1.451      0.147     -1936.523   289.077
unit_R438   -659.9703    567.253     -1.163      0.245     -1771.908   451.967
unit_R439   -702.6915    359.968     -1.952      0.051     -1408.305     2.922
unit_R440  -1032.1299    507.724     -2.033      0.042     -2027.377   -36.882
unit_R441   -743.2831    567.390     -1.310      0.190     -1855.489   368.923
unit_R442  -1058.3306    429.950     -2.462      0.014     -1901.125  -215.536
unit_R443   -117.5299    654.739     -0.180      0.858     -1400.959  1165.899
unit_R444  -1084.2236    567.402     -1.911      0.056     -2196.452    28.005
unit_R445   -296.5310    535.352     -0.554      0.580     -1345.935   752.873
unit_R446   -639.7254    430.054     -1.488      0.137     -1482.724   203.273
unit_R447  -1015.5346    484.813     -2.095      0.036     -1965.872   -65.197
unit_R448  -1365.6592    351.261     -3.888      0.000     -2054.205  -677.113
unit_R449   -701.7279    415.435     -1.689      0.091     -1516.069   112.613
unit_R450   -952.4383    390.430     -2.439      0.015     -1717.764  -187.112
unit_R451   -308.9556    484.045     -0.638      0.523     -1257.787   639.876
unit_R452   5055.7424    415.475     12.169      0.000      4241.323  5870.162
unit_R453     59.4520    535.045      0.111      0.912      -989.351  1108.255
unit_R454  -1567.0780    463.760     -3.379      0.001     -2476.147  -658.009
unit_R455  -1768.0293    463.453     -3.815      0.000     -2676.495  -859.563
unit_R456  -1231.1362    401.848     -3.064      0.002     -2018.844  -443.428
unit_R459  -2324.2599    535.273     -4.342      0.000     -3373.509 -1275.010
unit_R460    111.8886    463.948      0.241      0.809      -797.548  1021.325
unit_R461   2786.6141    415.492      6.707      0.000      1972.161  3601.067
unit_R462    255.7832    534.871      0.478      0.633      -792.678  1304.244
unit_R463   1693.8585    402.101      4.213      0.000       905.655  2482.062
unit_R464  -1661.2208    463.728     -3.582      0.000     -2570.226  -752.215
unit_R468   -673.4469    484.313     -1.391      0.164     -1622.803   275.910
unit_R469   -993.1739    484.721     -2.049      0.040     -1943.331   -43.017
unit_R535   -899.9921    316.587     -2.843      0.004     -1520.570  -279.414
unit_R536   -792.8799    342.480     -2.315      0.021     -1464.214  -121.546
unit_R540  -1175.5128     91.516    -12.845      0.000     -1354.904  -996.122
unit_R541  -1219.3384     81.238    -15.009      0.000     -1378.583 -1060.094
unit_R542  -1215.8931    155.017     -7.844      0.000     -1519.759  -912.027
unit_R543  -1235.9878     95.598    -12.929      0.000     -1423.380 -1048.595
unit_R544  -1311.1128    131.699     -9.955      0.000     -1569.270 -1052.955
unit_R545  -1278.9425    132.211     -9.673      0.000     -1538.105 -1019.780
unit_R546  -1096.1425    141.706     -7.735      0.000     -1373.916  -818.369
unit_R547  -1162.5505    194.006     -5.992      0.000     -1542.843  -782.258
unit_R548  -1173.7426    221.967     -5.288      0.000     -1608.844  -738.641
unit_R549  -1346.3013     59.781    -22.521      0.000     -1463.485 -1229.118
unit_R550  -1303.8642     74.570    -17.485      0.000     -1450.038 -1157.690
unit_R551  -1260.7459    111.158    -11.342      0.000     -1478.640 -1042.852
unit_R552  -1154.4883    106.774    -10.812      0.000     -1363.788  -945.189
hour_0       107.1108     70.075      1.529      0.126       -30.251   244.473
hour_1      -379.3164     72.894     -5.204      0.000      -522.203  -236.429
hour_2      -146.7374    119.483     -1.228      0.219      -380.950    87.476
hour_3       -73.3961    119.850     -0.612      0.540      -308.328   161.536
hour_4      -792.6454     70.602    -11.227      0.000      -931.039  -654.251
hour_5      -776.6672     72.758    -10.675      0.000      -919.288  -634.046
hour_6      -322.2096    121.013     -2.663      0.008      -559.422   -84.998
hour_7      -416.6365    109.263     -3.813      0.000      -630.815  -202.458
hour_8      -542.2344     73.034     -7.424      0.000      -685.396  -399.072
hour_9       292.6251     71.086      4.116      0.000       153.282   431.969
hour_10        1.9043    119.055      0.016      0.987      -231.468   235.277
hour_11        1.7448    123.558      0.014      0.989      -240.456   243.946
hour_12     1329.3325     72.061     18.447      0.000      1188.077  1470.588
hour_13      112.9968     73.116      1.545      0.122       -30.326   256.320
hour_14     -366.8282    105.738     -3.469      0.001      -574.097  -159.559
hour_15      -63.6708    124.826     -0.510      0.610      -308.357   181.015
hour_16      830.6909     70.813     11.731      0.000       691.881   969.500
hour_17      539.2888     72.335      7.455      0.000       397.497   681.081
hour_18      395.8157    119.078      3.324      0.001       162.397   629.235
hour_19      268.9220    123.997      2.169      0.030        25.861   511.983
hour_20     1364.8613     71.975     18.963      0.000      1223.774  1505.948
hour_21      646.0679     74.720      8.647      0.000       499.601   792.535
hour_22       30.2808    113.803      0.266      0.790      -192.798   253.359
hour_23      -55.0142    123.840     -0.444      0.657      -297.767   187.739
ones        1986.2853    143.874     13.806      0.000      1704.261  2268.309
==============================================================================
Omnibus:                     9553.769   Durbin-Watson:                   1.766
Prob(Omnibus):                  0.000   Jarque-Bera (JB):          1519808.573
Skew:                           4.169   Prob(JB):                         0.00
Kurtosis:                      62.816   Cond. No.                     1.91e+18
==============================================================================

Warnings:
[1] Standard Errors assume that the covariance matrix of the errors is correctly specified.
[2] The smallest eigenvalue is 8.73e-30. This might indicate that there are
strong multicollinearity problems or that the design matrix is singular.
Your R^2 value is: 0.525548088253
Can you beat the 0.4 R^2 value that we achieved with gradient descent?